
Para 1 reinas
 1 

Para 2 reinas

No se encontro solución

Para 3 reinas

No se encontro solución

Para 4 reinas
 0  0  1  0 
 1  0  0  0 
 0  0  0  1 
 0  1  0  0 

Para 5 reinas
 1  0  0  0  0 
 0  0  0  1  0 
 0  1  0  0  0 
 0  0  0  0  1 
 0  0  1  0  0 

Para 6 reinas
 0  0  0  1  0  0 
 1  0  0  0  0  0 
 0  0  0  0  1  0 
 0  1  0  0  0  0 
 0  0  0  0  0  1 
 0  0  1  0  0  0 

Para 7 reinas
 1  0  0  0  0  0  0 
 0  0  0  0  1  0  0 
 0  1  0  0  0  0  0 
 0  0  0  0  0  1  0 
 0  0  1  0  0  0  0 
 0  0  0  0  0  0  1 
 0  0  0  1  0  0  0 

Para 8 reinas
 1  0  0  0  0  0  0  0 
 0  0  0  0  0  0  1  0 
 0  0  0  0  1  0  0  0 
 0  0  0  0  0  0  0  1 
 0  1  0  0  0  0  0  0 
 0  0  0  1  0  0  0  0 
 0  0  0  0  0  1  0  0 
 0  0  1  0  0  0  0  0 

Para 9 reinas
 1  0  0  0  0  0  0  0  0 
 0  0  0  0  1  0  0  0  0 
 0  1  0  0  0  0  0  0  0 
 0  0  0  0  0  1  0  0  0 
 0  0  0  0  0  0  0  0  1 
 0  0  1  0  0  0  0  0  0 
 0  0  0  0  0  0  0  1  0 
 0  0  0  1  0  0  0  0  0 
 0  0  0  0  0  0  1  0  0 

Para 10 reinas
 1  0  0  0  0  0  0  0  0  0 
 0  0  0  0  0  0  0  1  0  0 
 0  1  0  0  0  0  0  0  0  0 
 0  0  0  0  0  0  0  0  1  0 
 0  0  0  0  0  1  0  0  0  0 
 0  0  1  0  0  0  0  0  0  0 
 0  0  0  0  0  0  0  0  0  1 
 0  0  0  1  0  0  0  0  0  0 
 0  0  0  0  0  0  1  0  0  0 
 0  0  0  0  1  0  0  0  0  0 
